0.4706 0 0.5216
0.47169 1.6024e-05 0.5245
0.47276 6.3817e-05 0.52739
0.47383 0.00014296 0.53028
0.47489 0.00025303 0.53317
0.47595 0.00039362 0.53605
0.47699 0.00056429 0.53893
0.47802 0.00076464 0.5418
0.47904 0.00099424 0.54467
0.48005 0.0012527 0.54753
0.48105 0.0015395 0.5504
0.48204 0.0018544 0.55325
0.48302 0.0021968 0.55611
0.48399 0.0025664 0.55896
0.48495 0.0029627 0.5618
0.48589 0.0033854 0.56464
0.48683 0.0038339 0.56748
0.48775 0.004308 0.57031
0.48866 0.0048071 0.57314
0.48956 0.0053308 0.57596
0.49044 0.0058788 0.57879
0.49132 0.0064505 0.5816
0.49217 0.0070457 0.58441
0.49302 0.0076638 0.58722
0.49385 0.0083045 0.59002
0.49467 0.0089673 0.59282
0.49548 0.0096518 0.59562
0.49627 0.010358 0.59841
0.49704 0.011084 0.6012
0.4978 0.011831 0.60398
0.49855 0.012599 0.60676
0.49928 0.013385 0.60953
0.5 0.014191 0.6123
0.5007 0.015016 0.61507
0.50138 0.015859 0.61783
0.50205 0.01672 0.62059
0.5027 0.017599 0.62334
0.50334 0.018495 0.62609
0.50396 0.019407 0.62883
0.50456 0.020336 0.63157
0.50515 0.02128 0.6343
0.50572 0.02224 0.63704
0.50627 0.023215 0.63976
0.5068 0.024204 0.64248
0.50731 0.025208 0.6452
0.50781 0.026225 0.64791
0.50829 0.027256 0.65062
0.50875 0.0283 0.65333
0.50919 0.029356 0.65603
0.50961 0.030424 0.65872
0.51001 0.031504 0.66141
0.5104 0.032595 0.6641
0.51076 0.033697 0.66678
0.5111 0.034809 0.66946
0.51143 0.035931 0.67213
0.51173 0.037063 0.6748
0.51201 0.038204 0.67747
0.51227 0.039354 0.68013
0.51251 0.040512 0.68278
0.51273 0.041678 0.68543
0.51293 0.042851 0.68808
0.5131 0.044031 0.69072
0.51326 0.045218 0.69335
0.51339 0.046412 0.69599
0.51349 0.047611 0.69861
0.51358 0.048815 0.70124
0.51364 0.050024 0.70386
0.51368 0.051238 0.70647
0.5137 0.052456 0.70908
0.5137 0.053713 0.71169
0.51368 0.05508 0.7143
0.51365 0.056557 0.71692
0.51361 0.058141 0.71954
0.51356 0.059828 0.72217
0.5135 0.061616 0.7248
0.51343 0.063503 0.72744
0.51334 0.065484 0.73007
0.51324 0.067558 0.73271
0.51314 0.069721 0.73536
0.51302 0.071971 0.738
0.51289 0.074305 0.74065
0.51275 0.076719 0.74329
0.51261 0.079212 0.74594
0.51245 0.081779 0.74859
0.51228 0.084418 0.75123
0.5121 0.087127 0.75388
0.51192 0.089903 0.75652
0.51172 0.092741 0.75917
0.51152 0.095641 0.76181
0.5113 0.098598 0.76444
0.51108 0.10161 0.76708
0.51085 0.10467 0.76971
0.51061 0.10779 0.77234
0.51036 0.11095 0.77496
0.5101 0.11415 0.77758
0.50984 0.11739 0.78019
0.50957 0.12068 0.7828
0.50929 0.12399 0.7854
0.509 0.12734 0.78799
0.50871 0.13072 0.79058
0.50841 0.13412 0.79316
0.5081 0.13754 0.79573
0.50779 0.14099 0.79829
0.50747 0.14446 0.80084
0.50714 0.14793 0.80339
0.50681 0.15142 0.80592
0.50647 0.15492 0.80845
0.50613 0.15843 0.81096
0.50578 0.16194 0.81347
0.50542 0.16545 0.81596
0.50506 0.16895 0.81844
0.50469 0.17245 0.8209
0.50432 0.17594 0.82336
0.50395 0.17943 0.8258
0.50357 0.18289 0.82823
0.50318 0.18634 0.83064
0.50279 0.18977 0.83304
0.5024 0.19318 0.83543
0.502 0.19656 0.8378
0.5016 0.19991 0.84015
0.5012 0.20323 0.84249
0.50079 0.20652 0.84481
0.50038 0.20977 0.84711
0.49996 0.21298 0.84939
0.49955 0.21615 0.85166
0.49913 0.21927 0.85391
0.4987 0.22234 0.85614
0.49828 0.22536 0.85835
0.49785 0.22833 0.86054
0.49742 0.23124 0.86271
0.49699 0.23408 0.86486
0.49656 0.23687 0.86699
0.49612 0.23959 0.8691
0.49569 0.24224 0.87118
0.49525 0.24482 0.87324
0.49481 0.24732 0.87528
0.49438 0.24975 0.8773
0.49393 0.25211 0.8793
0.49346 0.25444 0.88133
0.49296 0.25675 0.88338
0.49243 0.25904 0.88546
0.49187 0.26132 0.88757
0.49128 0.26357 0.88969
0.49067 0.2658 0.89184
0.49003 0.26802 0.89401
0.48936 0.27022 0.89619
0.48867 0.2724 0.89839
0.48796 0.27456 0.9006
0.48722 0.27671 0.90282
0.48646 0.27884 0.90505
0.48568 0.28096 0.90729
0.48488 0.28306 0.90954
0.48405 0.28515 0.91179
0.48321 0.28722 0.91405
0.48235 0.28928 0.9163
0.48146 0.29133 0.91856
0.48057 0.29336 0.92081
0.47965 0.29538 0.92306
0.47872 0.29739 0.92531
0.47777 0.29939 0.92754
0.47681 0.30137 0.92977
0.47583 0.30335 0.93198
0.47484 0.30531 0.93419
0.47383 0.30727 0.93638
0.47282 0.30922 0.93855
0.47179 0.31115 0.9407
0.47075 0.31308 0.94284
0.4697 0.315 0.94495
0.46865 0.31692 0.94704
0.46758 0.31883 0.94911
0.46651 0.32073 0.95115
0.46542 0.32262 0.95316
0.46434 0.32451 0.95514
0.46324 0.32639 0.95709
0.46214 0.32827 0.959
0.46104 0.33014 0.96088
0.45993 0.33202 0.96273
0.45882 0.33388 0.96453
0.4577 0.33575 0.96629
0.45659 0.33761 0.96801
0.45547 0.33947 0.96969
0.45435 0.34133 0.97132
0.45324 0.34318 0.97291
0.45212 0.34504 0.97444
0.45101 0.34689 0.97592
0.4499 0.34875 0.97735
0.44879 0.35061 0.97873
0.44768 0.35246 0.98005
0.44658 0.35432 0.98131
0.44549 0.35618 0.98251
0.4444 0.35805 0.98365
0.44331 0.35991 0.98473
0.44224 0.36178 0.98574
0.44117 0.36365 0.98669
0.44011 0.36553 0.98756
0.43906 0.36741 0.98837
0.43802 0.3693 0.98911
0.43699 0.37119 0.98977
0.43598 0.37309 0.99035
0.43497 0.37499 0.99086
0.43398 0.37691 0.99129
0.433 0.37882 0.99164
0.43204 0.38075 0.99191
0.43109 0.38269 0.99209
0.43015 0.38463 0.99218
0.42923 0.38658 0.9922
0.42832 0.38854 0.99217
0.42741 0.3905 0.99212
0.42651 0.39247 0.99203
0.42561 0.39445 0.99192
0.42471 0.39642 0.99178
0.42381 0.3984 0.99162
0.42292 0.40039 0.99143
0.42203 0.40238 0.99121
0.42115 0.40437 0.99096
0.42027 0.40636 0.9907
0.41939 0.40836 0.9904
0.41851 0.41036 0.99009
0.41763 0.41236 0.98975
0.41676 0.41437 0.98938
0.41589 0.41637 0.989
0.41502 0.41838 0.98859
0.41415 0.42039 0.98816
0.41329 0.4224 0.98771
0.41242 0.42441 0.98724
0.41156 0.42641 0.98675
0.4107 0.42842 0.98624
0.40984 0.43043 0.98572
0.40898 0.43244 0.98517
0.40812 0.43445 0.9846
0.40726 0.43645 0.98402
0.40641 0.43846 0.98342
0.40555 0.44046 0.98281
0.40469 0.44246 0.98217
0.40383 0.44446 0.98152
0.40298 0.44645 0.98086
0.40212 0.44844 0.98018
0.40126 0.45043 0.97949
0.4004 0.45242 0.97879
0.39954 0.4544 0.97807
0.39868 0.45638 0.97734
0.39782 0.45835 0.97659
0.39696 0.46032 0.97584
0.3961 0.46228 0.97507
0.39523 0.46424 0.9743
0.39436 0.46619 0.97351
0.3935 0.46814 0.97271
0.39263 0.47008 0.97191
0.39176 0.47202 0.97109
0.39088 0.47395 0.97027
0.39001 0.47587 0.96944
0.38913 0.47778 0.9686
0.38825 0.47969 0.96776
0.38736 0.48159 0.9669
0.38648 0.48348 0.96605
0.38559 0.48537 0.96519
0.38469 0.48724 0.96432
0.3838 0.48911 0.96345
0.3829 0.49096 0.96257
0.382 0.49281 0.9617
0.38109 0.49465 0.96081
0.38018 0.49648 0.95993
0.37927 0.49829 0.95905
0.37835 0.5001 0.95816
0.37742 0.5019 0.95727
0.3765 0.50368 0.95638
0.37557 0.50546 0.9555
0.37463 0.50722 0.95461
0.37369 0.50897 0.95372
0.37274 0.51071 0.95284
0.37179 0.51244 0.95196
0.37084 0.51415 0.95108
0.36987 0.51585 0.9502
0.36891 0.51754 0.94933
0.36793 0.51921 0.94843
0.36696 0.52088 0.94752
0.36597 0.52254 0.94657
0.36499 0.52419 0.9456
0.364 0.52583 0.94461
0.363 0.52746 0.94359
0.362 0.52909 0.94254
0.36099 0.5307 0.94147
0.35999 0.53231 0.94038
0.35897 0.53391 0.93926
0.35795 0.5355 0.93813
0.35693 0.53709 0.93697
0.35591 0.53866 0.93579
0.35488 0.54023 0.93458
0.35385 0.5418 0.93336
0.35281 0.54335 0.93212
0.35177 0.5449 0.93085
0.35073 0.54645 0.92957
0.34968 0.54798 0.92827
0.34863 0.54952 0.92695
0.34758 0.55104 0.92561
0.34652 0.55256 0.92426
0.34546 0.55407 0.92289
0.3444 0.55558 0.9215
0.34334 0.55708 0.9201
0.34227 0.55858 0.91868
0.3412 0.56008 0.91725
0.34013 0.56156 0.9158
0.33906 0.56305 0.91434
0.33798 0.56453 0.91286
0.3369 0.566 0.91137
0.33582 0.56747 0.90987
0.33474 0.56894 0.90836
0.33365 0.5704 0.90683
0.33256 0.57186 0.9053
0.33148 0.57332 0.90375
0.33039 0.57477 0.9022
0.32929 0.57622 0.90063
0.3282 0.57766 0.89905
0.32711 0.57911 0.89747
0.32601 0.58055 0.89588
0.32491 0.58199 0.89428
0.32382 0.58342 0.89267
0.32272 0.58486 0.89106
0.32162 0.58629 0.88944
0.32052 0.58772 0.88781
0.31942 0.58915 0.88618
0.31831 0.59058 0.88454
0.31721 0.59201 0.8829
0.31611 0.59343 0.88125
0.31501 0.59486 0.87961
0.3139 0.59628 0.87795
0.3128 0.5977 0.8763
0.3117 0.59913 0.87464
0.31059 0.60055 0.87298
0.30949 0.60197 0.87133
0.30839 0.60339 0.86967
0.30729 0.60482 0.86801
0.30618 0.60624 0.86635
0.30508 0.60766 0.86469
0.30398 0.60909 0.86303
0.30288 0.61051 0.86137
0.30178 0.61194 0.85972
0.30068 0.61337 0.85807
0.29959 0.6148 0.85642
0.29849 0.61623 0.85478
0.29739 0.61766 0.85314
0.2963 0.6191 0.8515
0.29519 0.62054 0.84986
0.29405 0.62198 0.84821
0.29287 0.62342 0.84655
0.29167 0.62487 0.84488
0.29043 0.62631 0.84319
0.28917 0.62776 0.8415
0.28789 0.62921 0.83979
0.28658 0.63066 0.83808
0.28525 0.63212 0.83635
0.28389 0.63357 0.83462
0.28252 0.63503 0.83287
0.28113 0.63648 0.83112
0.27972 0.63794 0.82936
0.2783 0.63939 0.82758
0.27686 0.64085 0.8258
0.27541 0.64231 0.82401
0.27395 0.64376 0.82221
0.27248 0.64522 0.8204
0.27101 0.64667 0.81858
0.26952 0.64813 0.81676
0.26803 0.64958 0.81493
0.26654 0.65103 0.81308
0.26505 0.65248 0.81124
0.26356 0.65393 0.80938
0.26206 0.65538 0.80752
0.26057 0.65683 0.80565
0.25909 0.65827 0.80377
0.25761 0.65971 0.80188
0.25613 0.66115 0.79999
0.25467 0.66258 0.79809
0.25321 0.66401 0.79619
0.25177 0.66544 0.79428
0.25034 0.66687 0.79236
0.24892 0.66829 0.79044
0.24752 0.66971 0.78851
0.24614 0.67112 0.78658
0.24477 0.67253 0.78464
0.24343 0.67394 0.7827
0.24211 0.67534 0.78075
0.24081 0.67674 0.7788
0.23953 0.67813 0.77684
0.23829 0.67952 0.77488
0.23707 0.6809 0.77291
0.23588 0.68228 0.77094
0.23472 0.68365 0.76897
0.23359 0.68501 0.76699
0.23249 0.68637 0.76501
0.23143 0.68772 0.76302
0.23041 0.68907 0.76104
0.22943 0.69041 0.75905
0.22848 0.69174 0.75705
0.22758 0.69307 0.75506
0.22672 0.69438 0.75306
0.2259 0.69569 0.75106
0.22513 0.697 0.74905
0.2244 0.69829 0.74705
0.22372 0.69958 0.74504
0.2231 0.70086 0.74303
0.22252 0.70213 0.74102
0.222 0.70339 0.73901
0.22153 0.70465 0.737
0.22112 0.70589 0.73499
0.22076 0.70713 0.73297
0.22047 0.70835 0.73096
0.22023 0.70957 0.72895
0.22006 0.71078 0.72693
0.21995 0.71198 0.72492
0.2199 0.71316 0.7229
0.21991 0.71434 0.72089
0.21996 0.71552 0.71886
0.22005 0.71668 0.71683
0.22017 0.71785 0.71479
0.22032 0.719 0.71275
0.22051 0.72016 0.7107
0.22074 0.72131 0.70864
0.22099 0.72245 0.70658
0.22128 0.72359 0.70451
0.2216 0.72472 0.70243
0.22194 0.72585 0.70035
0.22232 0.72697 0.69826
0.22272 0.72809 0.69616
0.22316 0.7292 0.69407
0.22362 0.73031 0.69196
0.2241 0.73142 0.68985
0.22461 0.73252 0.68774
0.22514 0.73361 0.68561
0.2257 0.7347 0.68349
0.22628 0.73579 0.68136
0.22688 0.73687 0.67923
0.2275 0.73794 0.67709
0.22814 0.73902 0.67494
0.2288 0.74008 0.6728
0.22948 0.74115 0.67065
0.23017 0.74221 0.66849
0.23089 0.74326 0.66633
0.23161 0.74431 0.66417
0.23236 0.74536 0.66201
0.23311 0.7464 0.65984
0.23388 0.74744 0.65767
0.23466 0.74847 0.65549
0.23546 0.7495 0.65332
0.23626 0.75053 0.65114
0.23708 0.75155 0.64895
0.2379 0.75257 0.64677
0.23873 0.75358 0.64458
0.23957 0.75459 0.64239
0.24042 0.7556 0.6402
0.24127 0.7566 0.63801
0.24212 0.7576 0.63582
0.24298 0.75859 0.63362
0.24385 0.75958 0.63142
0.24471 0.76057 0.62922
0.24558 0.76155 0.62702
0.24645 0.76253 0.62482
0.24732 0.76351 0.62262
0.24818 0.76448 0.62042
0.24905 0.76545 0.61822
0.24991 0.76642 0.61602
0.25077 0.76738 0.61381
0.25162 0.76834 0.61161
0.25247 0.76929 0.60941
0.25332 0.77024 0.60721
0.25415 0.77119 0.605
0.25498 0.77214 0.6028
0.2558 0.77308 0.6006
0.25662 0.77402 0.5984
0.25742 0.77495 0.5962
0.25821 0.77589 0.594
0.25899 0.77682 0.59181
0.25975 0.77774 0.58961
0.2605 0.77866 0.58742
0.26124 0.77959 0.58522
0.26197 0.7805 0.58303
0.26267 0.78142 0.58084
0.26336 0.78233 0.57866
0.26404 0.78324 0.57647
0.26469 0.78414 0.57429
0.26535 0.78504 0.5721
0.266 0.78594 0.56991
0.26665 0.78683 0.56772
0.26731 0.78772 0.56552
0.26796 0.7886 0.56332
0.26861 0.78947 0.56111
0.26926 0.79035 0.5589
0.2699 0.79121 0.55669
0.27055 0.79208 0.55447
0.2712 0.79294 0.55226
0.27184 0.79379 0.55003
0.27249 0.79464 0.54781
0.27313 0.79549 0.54559
0.27378 0.79633 0.54336
0.27442 0.79717 0.54113
0.27507 0.79801 0.5389
0.27571 0.79884 0.53666
0.27635 0.79967 0.53443
0.277 0.8005 0.53219
0.27764 0.80132 0.52995
0.27829 0.80214 0.52771
0.27893 0.80296 0.52547
0.27957 0.80377 0.52323
0.28022 0.80458 0.52099
0.28086 0.80539 0.51874
0.28151 0.8062 0.5165
0.28215 0.807 0.51426
0.2828 0.8078 0.51201
0.28344 0.8086 0.50977
0.28409 0.8094 0.50753
0.28474 0.81019 0.50528
0.28538 0.81099 0.50304
0.28603 0.81178 0.5008
0.28668 0.81257 0.49856
0.28733 0.81335 0.49632
0.28798 0.81414 0.49408
0.28864 0.81493 0.49184
0.28929 0.81571 0.48961
0.28994 0.81649 0.48737
0.2906 0.81727 0.48514
0.29126 0.81805 0.48291
0.29191 0.81883 0.48068
0.29257 0.81961 0.47845
0.29323 0.82039 0.47623
0.2939 0.82117 0.47401
0.29456 0.82194 0.47179
0.29523 0.82272 0.46957
0.29589 0.8235 0.46736
0.29656 0.82427 0.46515
0.29723 0.82505 0.46294
0.29791 0.82582 0.46074
0.29858 0.8266 0.45854
0.29926 0.82738 0.45634
0.29994 0.82815 0.45415
0.30062 0.82893 0.45196
0.3013 0.82971 0.44978
0.30199 0.83049 0.4476
0.30267 0.83126 0.44542
0.30336 0.83204 0.44325
0.30405 0.83282 0.44109
0.30475 0.83361 0.43893
0.30545 0.83439 0.43677
0.30615 0.83517 0.43462
0.30685 0.83596 0.43247
0.30755 0.83675 0.43034
0.30826 0.83753 0.4282
0.30897 0.83833 0.42607
0.30968 0.83912 0.42395
0.31039 0.83991 0.42178
0.31109 0.84072 0.41956
0.31179 0.84152 0.41729
0.31247 0.84234 0.41497
0.31315 0.84315 0.41261
0.31383 0.84397 0.41021
0.3145 0.8448 0.40777
0.31517 0.84562 0.40529
0.31583 0.84646 0.40279
0.31649 0.84729 0.40024
0.31714 0.84813 0.39767
0.31779 0.84897 0.39508
0.31844 0.84981 0.39246
0.31909 0.85065 0.38982
0.31974 0.8515 0.38716
0.32038 0.85234 0.38448
0.32102 0.85319 0.3818
0.32167 0.85404 0.3791
0.32231 0.85489 0.37639
0.32295 0.85574 0.37367
0.3236 0.85659 0.37096
0.32424 0.85744 0.36824
0.32489 0.85829 0.36552
0.32554 0.85914 0.36281
0.32619 0.85999 0.3601
0.32685 0.86084 0.3574
0.32751 0.86168 0.35472
0.32817 0.86253 0.35205
0.32883 0.86337 0.34939
0.3295 0.86421 0.34676
0.33018 0.86504 0.34415
0.33086 0.86588 0.34156
0.33155 0.86671 0.33899
0.33224 0.86754 0.33646
0.33294 0.86836 0.33396
0.33365 0.86918 0.33149
0.33436 0.87 0.32906
0.33509 0.87081 0.32667
0.33582 0.87162 0.32432
0.33656 0.87242 0.32202
0.33731 0.87322 0.31976
0.33806 0.87401 0.31756
0.33883 0.87479 0.3154
0.33961 0.87557 0.3133
0.3404 0.87635 0.31126
0.3412 0.87712 0.30927
0.34202 0.87788 0.30735
0.34284 0.87863 0.30549
0.34368 0.87938 0.3037
0.34453 0.88011 0.30198
0.34539 0.88085 0.30033
0.34627 0.88157 0.29876
0.34716 0.88228 0.29726
0.34807 0.88299 0.29585
0.34899 0.88368 0.29451
0.34993 0.88437 0.29326
0.35088 0.88505 0.2921
0.35185 0.88572 0.29103
0.35284 0.88638 0.29005
0.35384 0.88703 0.28916
0.35486 0.88766 0.28838
0.3559 0.88829 0.28769
0.35696 0.88891 0.2871
0.35803 0.88951 0.28662
0.35913 0.8901 0.28625
0.36024 0.89068 0.28599
0.36138 0.89125 0.28584
0.36253 0.89181 0.2858
0.36374 0.89236 0.28582
0.36502 0.89292 0.28586
0.36635 0.89348 0.28592
0.36775 0.89404 0.28601
0.36921 0.8946 0.28612
0.37073 0.89516 0.28625
0.37231 0.89572 0.2864
0.37394 0.89628 0.28658
0.37563 0.89684 0.28677
0.37738 0.8974 0.28698
0.37917 0.89796 0.28722
0.38102 0.89852 0.28747
0.38291 0.89908 0.28774
0.38485 0.89964 0.28802
0.38684 0.90019 0.28832
0.38887 0.90075 0.28864
0.39095 0.9013 0.28898
0.39307 0.90185 0.28933
0.39523 0.9024 0.28969
0.39742 0.90294 0.29007
0.39966 0.90348 0.29046
0.40193 0.90402 0.29086
0.40424 0.90455 0.29128
0.40657 0.90509 0.29171
0.40895 0.90561 0.29215
0.41135 0.90614 0.2926
0.41377 0.90665 0.29306
0.41623 0.90717 0.29353
0.41871 0.90768 0.29401
0.42122 0.90818 0.29449
0.42375 0.90868 0.29499
0.4263 0.90917 0.29549
0.42887 0.90966 0.296
0.43146 0.91014 0.29651
0.43406 0.91061 0.29703
0.43668 0.91108 0.29756
0.43932 0.91154 0.29809
0.44197 0.91199 0.29862
0.44463 0.91244 0.29916
0.4473 0.91287 0.2997
0.44997 0.9133 0.30024
0.45266 0.91372 0.30079
0.45534 0.91414 0.30133
0.45804 0.91454 0.30188
0.46073 0.91494 0.30242
0.46343 0.91532 0.30297
0.46612 0.9157 0.30351
0.46882 0.91607 0.30405
0.47151 0.91643 0.30459
0.47419 0.91677 0.30513
0.47687 0.91711 0.30567
0.47954 0.91744 0.3062
0.4822 0.91775 0.30672
0.48485 0.91805 0.30724
0.48749 0.91835 0.30776
0.49011 0.91863 0.30827
0.49272 0.9189 0.30877
0.49532 0.91915 0.30927
0.49789 0.9194 0.30975
0.50044 0.91963 0.31023
0.50298 0.91985 0.3107
0.50549 0.92005 0.31116
0.50798 0.92025 0.31162
0.51044 0.92043 0.31206
0.51287 0.92059 0.31248
0.51528 0.92074 0.3129
0.51765 0.92088 0.31331
0.52 0.921 0.3137
0.52233 0.92111 0.31409
0.52468 0.92123 0.31447
0.52703 0.92134 0.31486
0.5294 0.92145 0.31526
0.53177 0.92156 0.31565
0.53415 0.92167 0.31604
0.53654 0.92178 0.31644
0.53894 0.92188 0.31683
0.54134 0.92199 0.31723
0.54376 0.92209 0.31763
0.54617 0.9222 0.31802
0.5486 0.9223 0.31842
0.55103 0.9224 0.31882
0.55346 0.9225 0.31922
0.5559 0.9226 0.31962
0.55834 0.9227 0.32002
0.56079 0.9228 0.32042
0.56324 0.92289 0.32082
0.56569 0.92298 0.32122
0.56814 0.92308 0.32162
0.5706 0.92317 0.32202
0.57305 0.92326 0.32242
0.57551 0.92335 0.32281
0.57797 0.92343 0.32321
0.58043 0.92352 0.32361
0.58288 0.9236 0.324
0.58534 0.92368 0.3244
0.58779 0.92377 0.32479
0.59025 0.92384 0.32519
0.5927 0.92392 0.32558
0.59515 0.924 0.32597
0.59759 0.92407 0.32636
0.60003 0.92415 0.32674
0.60247 0.92422 0.32713
0.6049 0.92429 0.32751
0.60733 0.92436 0.3279
0.60975 0.92442 0.32828
0.61217 0.92449 0.32865
0.61457 0.92455 0.32903
0.61698 0.92461 0.3294
0.61937 0.92467 0.32978
0.62176 0.92473 0.33014
0.62414 0.92478 0.33051
0.62651 0.92484 0.33087
0.62887 0.92489 0.33123
0.63122 0.92494 0.33159
0.63356 0.92499 0.33195
0.63589 0.92503 0.3323
0.63821 0.92508 0.33265
0.64052 0.92512 0.33299
0.64282 0.92516 0.33334
0.6451 0.92519 0.33368
0.64737 0.92523 0.33401
0.64963 0.92526 0.33434
0.65187 0.9253 0.33467
0.6541 0.92532 0.335
0.65632 0.92535 0.33532
0.65852 0.92538 0.33563
0.66071 0.9254 0.33594
0.66287 0.92542 0.33625
0.66503 0.92544 0.33655
0.66716 0.92545 0.33685
0.66928 0.92547 0.33715
0.67138 0.92548 0.33744
0.67346 0.92549 0.33772
0.67553 0.92549 0.338
0.67757 0.9255 0.33828
0.6796 0.9255 0.33855
0.68161 0.9255 0.33881
0.68362 0.9255 0.33908
0.68562 0.9255 0.33934
0.68763 0.9255 0.3396
0.68963 0.9255 0.33986
0.69163 0.9255 0.34012
0.69363 0.9255 0.34038
0.69562 0.9255 0.34063
0.69761 0.9255 0.34088
0.6996 0.9255 0.34114
0.70158 0.9255 0.34139
0.70356 0.9255 0.34163
0.70553 0.9255 0.34188
0.7075 0.9255 0.34213
0.70947 0.9255 0.34237
0.71143 0.9255 0.34261
0.71338 0.9255 0.34285
0.71533 0.9255 0.34309
0.71727 0.9255 0.34333
0.71921 0.9255 0.34356
0.72113 0.9255 0.3438
0.72306 0.9255 0.34403
0.72497 0.9255 0.34426
0.72688 0.9255 0.34449
0.72878 0.9255 0.34472
0.73067 0.9255 0.34494
0.73255 0.9255 0.34517
0.73443 0.9255 0.34539
0.73629 0.9255 0.34561
0.73815 0.9255 0.34583
0.74 0.9255 0.34604
0.74184 0.9255 0.34626
0.74367 0.9255 0.34647
0.74549 0.9255 0.34669
0.7473 0.9255 0.3469
0.74909 0.9255 0.3471
0.75088 0.9255 0.34731
0.75266 0.9255 0.34752
0.75442 0.9255 0.34772
0.75617 0.9255 0.34792
0.75792 0.9255 0.34812
0.75965 0.9255 0.34832
0.76136 0.9255 0.34852
0.76307 0.9255 0.34871
0.76476 0.9255 0.3489
0.76644 0.9255 0.34909
0.7681 0.9255 0.34928
0.76975 0.9255 0.34947
0.77139 0.9255 0.34966
0.77301 0.9255 0.34984
0.77462 0.9255 0.35002
0.77621 0.9255 0.3502
0.77779 0.9255 0.35038
0.77935 0.9255 0.35056
0.7809 0.9255 0.35073
0.78243 0.9255 0.35091
0.78395 0.9255 0.35108
0.78545 0.9255 0.35125
0.78693 0.9255 0.35141
0.78839 0.9255 0.35158
0.78984 0.9255 0.35174
0.79127 0.9255 0.35191
0.79269 0.9255 0.35207
0.79408 0.9255 0.35223
0.79546 0.9255 0.35238
0.79682 0.9255 0.35254
0.79816 0.9255 0.35269
0.79948 0.9255 0.35284
0.80078 0.92549 0.35299
0.80206 0.92543 0.35314
0.80333 0.92532 0.35328
0.80458 0.92516 0.35343
0.80582 0.92494 0.35357
0.80703 0.92468 0.35371
0.80824 0.92437 0.35384
0.80942 0.92401 0.35398
0.8106 0.9236 0.35412
0.81176 0.92315 0.35425
0.8129 0.92266 0.35438
0.81404 0.92212 0.35451
0.81516 0.92154 0.35464
0.81627 0.92092 0.35477
0.81736 0.92026 0.35489
0.81845 0.91956 0.35502
0.81952 0.91882 0.35514
0.82058 0.91804 0.35526
0.82164 0.91723 0.35539
0.82268 0.91639 0.35551
0.82371 0.91551 0.35562
0.82474 0.9146 0.35574
0.82576 0.91366 0.35586
0.82677 0.91268 0.35597
0.82777 0.91168 0.35609
0.82876 0.91065 0.3562
0.82975 0.90959 0.35632
0.83073 0.9085 0.35643
0.83171 0.90739 0.35654
0.83268 0.90626 0.35665
0.83364 0.9051 0.35676
0.83461 0.90392 0.35687
0.83556 0.90272 0.35698
0.83652 0.9015 0.35709
0.83747 0.90026 0.35719
0.83842 0.89901 0.3573
0.83936 0.89773 0.35741
0.84031 0.89644 0.35752
0.84125 0.89514 0.35762
0.84219 0.89382 0.35773
0.84313 0.89249 0.35783
0.84407 0.89115 0.35794
0.84501 0.88979 0.35804
0.84596 0.88843 0.35815
0.8469 0.88706 0.35825
0.84784 0.88568 0.35836
0.84879 0.8843 0.35846
0.84974 0.88291 0.35857
0.85069 0.88152 0.35867
0.85165 0.88012 0.35878
0.85261 0.87872 0.35888
0.85357 0.87732 0.35899
0.85454 0.87592 0.35909
0.85552 0.87452 0.3592
0.8565 0.87313 0.3593
0.85748 0.87173 0.35941
0.85847 0.87035 0.35952
0.85947 0.86896 0.35962
0.86048 0.86759 0.35973
0.86149 0.86622 0.35984
0.86252 0.86486 0.35995
0.86355 0.8635 0.36006
0.86459 0.86216 0.36017
0.86564 0.86083 0.36028
0.8667 0.85952 0.36039
0.86777 0.85821 0.3605
0.86885 0.85693 0.36062
0.86994 0.85566 0.36073
0.87104 0.8544 0.36085
0.87217 0.85313 0.36096
0.87332 0.85186 0.36109
0.87448 0.85058 0.36121
0.87567 0.84928 0.36134
0.87688 0.84797 0.36147
0.8781 0.84666 0.3616
0.87934 0.84533 0.36173
0.8806 0.84399 0.36187
0.88188 0.84264 0.36201
0.88316 0.84128 0.36215
0.88446 0.83991 0.36229
0.88578 0.83853 0.36244
0.8871 0.83714 0.36258
0.88844 0.83574 0.36273
0.88979 0.83433 0.36288
0.89114 0.83291 0.36303
0.8925 0.83148 0.36318
0.89388 0.83004 0.36333
0.89525 0.82859 0.36348
0.89663 0.82712 0.36363
0.89802 0.82565 0.36378
0.89941 0.82417 0.36393
0.9008 0.82268 0.36409
0.9022 0.82118 0.36424
0.90359 0.81967 0.36439
0.90499 0.81815 0.36454
0.90638 0.81662 0.36469
0.90778 0.81508 0.36484
0.90917 0.81353 0.36499
0.91055 0.81197 0.36514
0.91193 0.81041 0.36529
0.91331 0.80883 0.36544
0.91468 0.80724 0.36558
0.91604 0.80565 0.36572
0.91739 0.80404 0.36587
0.91874 0.80243 0.366
0.92007 0.8008 0.36614
0.9214 0.79917 0.36628
0.92271 0.79753 0.36641
0.92401 0.79588 0.36654
0.92529 0.79422 0.36667
0.92656 0.79255 0.36679
0.92782 0.79087 0.36692
0.92906 0.78919 0.36704
0.93028 0.78749 0.36715
0.93148 0.78579 0.36726
0.93267 0.78408 0.36737
0.93383 0.78236 0.36748
0.93497 0.78063 0.36758
0.93609 0.77889 0.36768
0.93719 0.77715 0.36777
0.93827 0.77539 0.36786
0.93932 0.77363 0.36795
0.94034 0.77186 0.36803
0.94134 0.77008 0.3681
0.94231 0.76829 0.36817
0.94326 0.7665 0.36824
0.94417 0.76469 0.3683
0.94506 0.76288 0.36836
0.94591 0.76106 0.36841
0.94673 0.75923 0.36845
0.94752 0.7574 0.36849
0.94827 0.75555 0.36853
0.94899 0.7537 0.36855
0.94968 0.75185 0.36857
0.95033 0.74998 0.36859
0.95094 0.7481 0.3686
0.95151 0.74622 0.3686
0.95207 0.74433 0.3686
0.95263 0.74242 0.36859
0.95319 0.7405 0.36857
0.95375 0.73856 0.36855
0.95431 0.73661 0.36852
0.95486 0.73464 0.36849
0.95542 0.73266 0.36845
0.95597 0.73067 0.36841
0.95651 0.72866 0.36836
0.95706 0.72664 0.3683
0.9576 0.7246 0.36824
0.95814 0.72255 0.36817
0.95868 0.72049 0.3681
0.95921 0.71842 0.36803
0.95974 0.71633 0.36794
0.96027 0.71422 0.36786
0.96079 0.71211 0.36776
0.9613 0.70998 0.36766
0.96181 0.70784 0.36756
0.96232 0.70568 0.36745
0.96282 0.70351 0.36734
0.96332 0.70133 0.36722
0.96381 0.69914 0.3671
0.9643 0.69693 0.36697
0.96477 0.69471 0.36683
0.96525 0.69248 0.3667
0.96571 0.69024 0.36655
0.96617 0.68798 0.3664
0.96663 0.68571 0.36625
0.96707 0.68343 0.36609
0.96751 0.68114 0.36593
0.96794 0.67884 0.36576
0.96836 0.67652 0.36559
0.96878 0.67419 0.36541
0.96919 0.67186 0.36523
0.96958 0.6695 0.36505
0.96997 0.66714 0.36486
0.97035 0.66477 0.36466
0.97073 0.66238 0.36446
0.97109 0.65999 0.36426
0.97144 0.65758 0.36405
0.97178 0.65516 0.36384
0.97211 0.65273 0.36362
0.97244 0.65029 0.3634
0.97275 0.64784 0.36317
0.97305 0.64538 0.36294
0.97334 0.64291 0.36271
0.97362 0.64043 0.36247
0.97389 0.63793 0.36223
0.97414 0.63543 0.36198
0.97439 0.63292 0.36173
0.97462 0.63039 0.36148
0.97484 0.62786 0.36122
0.97504 0.62531 0.36096
0.97524 0.62276 0.36069
0.97542 0.6202 0.36042
0.97559 0.61762 0.36015
0.97574 0.61504 0.35987
0.97588 0.61245 0.35959
0.97601 0.60985 0.35931
0.97612 0.60723 0.35902
0.97622 0.60461 0.35873
0.97631 0.60198 0.35843
0.97638 0.59935 0.35813
0.97643 0.5967 0.35783
0.97647 0.59404 0.35752
0.97649 0.59137 0.35721
0.9765 0.5887 0.3569
